{
  "nbformat": 4,
  "nbformat_minor": 0,
  "metadata": {
    "colab": {
      "provenance": []
    },
    "kernelspec": {
      "name": "python3",
      "display_name": "Python 3"
    },
    "language_info": {
      "name": "python"
    }
  },
  "cells": [
    {
      "cell_type": "code",
      "execution_count": 2,
      "metadata": {
        "colab": {
          "base_uri": "https://localhost:8080/"
        },
        "collapsed": true,
        "id": "LxLSBaen7ku-",
        "outputId": "465c5561-cd4f-4dd6-bfe8-e5e73db2543e"
      },
      "outputs": [
        {
          "output_type": "stream",
          "name": "stdout",
          "text": [
            "      male  age  education  currentSmoker  cigsPerDay  BPMeds  \\\n",
            "0        1   39        4.0              0         0.0     0.0   \n",
            "1        0   46        2.0              0         0.0     0.0   \n",
            "2        1   48        1.0              1        20.0     0.0   \n",
            "3        0   61        3.0              1        30.0     0.0   \n",
            "4        0   46        3.0              1        23.0     0.0   \n",
            "...    ...  ...        ...            ...         ...     ...   \n",
            "4233     1   50        1.0              1         1.0     0.0   \n",
            "4234     1   51        3.0              1        43.0     0.0   \n",
            "4235     0   48        2.0              1        20.0     NaN   \n",
            "4236     0   44        1.0              1        15.0     0.0   \n",
            "4237     0   52        2.0              0         0.0     0.0   \n",
            "\n",
            "      prevalentStroke  prevalentHyp  diabetes  totChol  sysBP  diaBP    BMI  \\\n",
            "0                   0             0         0    195.0  106.0   70.0  26.97   \n",
            "1                   0             0         0    250.0  121.0   81.0  28.73   \n",
            "2                   0             0         0    245.0  127.5   80.0  25.34   \n",
            "3                   0             1         0    225.0  150.0   95.0  28.58   \n",
            "4                   0             0         0    285.0  130.0   84.0  23.10   \n",
            "...               ...           ...       ...      ...    ...    ...    ...   \n",
            "4233                0             1         0    313.0  179.0   92.0  25.97   \n",
            "4234                0             0         0    207.0  126.5   80.0  19.71   \n",
            "4235                0             0         0    248.0  131.0   72.0  22.00   \n",
            "4236                0             0         0    210.0  126.5   87.0  19.16   \n",
            "4237                0             0         0    269.0  133.5   83.0  21.47   \n",
            "\n",
            "      heartRate  glucose  TenYearCHD  \n",
            "0          80.0     77.0           0  \n",
            "1          95.0     76.0           0  \n",
            "2          75.0     70.0           0  \n",
            "3          65.0    103.0           1  \n",
            "4          85.0     85.0           0  \n",
            "...         ...      ...         ...  \n",
            "4233       66.0     86.0           1  \n",
            "4234       65.0     68.0           0  \n",
            "4235       84.0     86.0           0  \n",
            "4236       86.0      NaN           0  \n",
            "4237       80.0    107.0           0  \n",
            "\n",
            "[4238 rows x 16 columns]\n"
          ]
        }
      ],
      "source": [
        "import pandas as pandas\n",
        "import seaborn as sns\n",
        "import numpy as np\n",
        "import matplotlib.pyplot as plt\n",
        "df = pandas.read_csv(\"heartattack_data.csv\")\n",
        "\n",
        "print(df)"
      ]
    },
    {
      "cell_type": "code",
      "source": [
        "print(df.columns.tolist()[:-1])"
      ],
      "metadata": {
        "colab": {
          "base_uri": "https://localhost:8080/"
        },
        "collapsed": true,
        "id": "Phvpv1TJ-uVn",
        "outputId": "6e179c01-1918-4b36-b603-35ff50e1c0f5"
      },
      "execution_count": 3,
      "outputs": [
        {
          "output_type": "stream",
          "name": "stdout",
          "text": [
            "['male', 'age', 'education', 'currentSmoker', 'cigsPerDay', 'BPMeds', 'prevalentStroke', 'prevalentHyp', 'diabetes', 'totChol', 'sysBP', 'diaBP', 'BMI', 'heartRate', 'glucose']\n"
          ]
        }
      ]
    },
    {
      "cell_type": "code",
      "source": [
        "df = df.dropna()\n",
        "print(df)"
      ],
      "metadata": {
        "colab": {
          "base_uri": "https://localhost:8080/"
        },
        "collapsed": true,
        "id": "TASVhOckLuJG",
        "outputId": "3ea72188-5cf1-492d-e8bf-0dea261ae3cc"
      },
      "execution_count": 4,
      "outputs": [
        {
          "output_type": "stream",
          "name": "stdout",
          "text": [
            "      male  age  education  currentSmoker  cigsPerDay  BPMeds  \\\n",
            "0        1   39        4.0              0         0.0     0.0   \n",
            "1        0   46        2.0              0         0.0     0.0   \n",
            "2        1   48        1.0              1        20.0     0.0   \n",
            "3        0   61        3.0              1        30.0     0.0   \n",
            "4        0   46        3.0              1        23.0     0.0   \n",
            "...    ...  ...        ...            ...         ...     ...   \n",
            "4231     1   58        3.0              0         0.0     0.0   \n",
            "4232     1   68        1.0              0         0.0     0.0   \n",
            "4233     1   50        1.0              1         1.0     0.0   \n",
            "4234     1   51        3.0              1        43.0     0.0   \n",
            "4237     0   52        2.0              0         0.0     0.0   \n",
            "\n",
            "      prevalentStroke  prevalentHyp  diabetes  totChol  sysBP  diaBP    BMI  \\\n",
            "0                   0             0         0    195.0  106.0   70.0  26.97   \n",
            "1                   0             0         0    250.0  121.0   81.0  28.73   \n",
            "2                   0             0         0    245.0  127.5   80.0  25.34   \n",
            "3                   0             1         0    225.0  150.0   95.0  28.58   \n",
            "4                   0             0         0    285.0  130.0   84.0  23.10   \n",
            "...               ...           ...       ...      ...    ...    ...    ...   \n",
            "4231                0             1         0    187.0  141.0   81.0  24.96   \n",
            "4232                0             1         0    176.0  168.0   97.0  23.14   \n",
            "4233                0             1         0    313.0  179.0   92.0  25.97   \n",
            "4234                0             0         0    207.0  126.5   80.0  19.71   \n",
            "4237                0             0         0    269.0  133.5   83.0  21.47   \n",
            "\n",
            "      heartRate  glucose  TenYearCHD  \n",
            "0          80.0     77.0           0  \n",
            "1          95.0     76.0           0  \n",
            "2          75.0     70.0           0  \n",
            "3          65.0    103.0           1  \n",
            "4          85.0     85.0           0  \n",
            "...         ...      ...         ...  \n",
            "4231       80.0     81.0           0  \n",
            "4232       60.0     79.0           1  \n",
            "4233       66.0     86.0           1  \n",
            "4234       65.0     68.0           0  \n",
            "4237       80.0    107.0           0  \n",
            "\n",
            "[3656 rows x 16 columns]\n"
          ]
        }
      ]
    },
    {
      "cell_type": "code",
      "source": [
        "summary = df.describe()\n",
        "print(summary)"
      ],
      "metadata": {
        "colab": {
          "base_uri": "https://localhost:8080/"
        },
        "collapsed": true,
        "id": "ckxw3MjJYLPM",
        "outputId": "ed21fc3c-83c4-46c8-c1b3-28b16ef7b719"
      },
      "execution_count": 5,
      "outputs": [
        {
          "output_type": "stream",
          "name": "stdout",
          "text": [
            "              male          age    education  currentSmoker   cigsPerDay  \\\n",
            "count  3656.000000  3656.000000  3656.000000    3656.000000  3656.000000   \n",
            "mean      0.443654    49.557440     1.979759       0.489059     9.022155   \n",
            "std       0.496883     8.561133     1.022657       0.499949    11.918869   \n",
            "min       0.000000    32.000000     1.000000       0.000000     0.000000   \n",
            "25%       0.000000    42.000000     1.000000       0.000000     0.000000   \n",
            "50%       0.000000    49.000000     2.000000       0.000000     0.000000   \n",
            "75%       1.000000    56.000000     3.000000       1.000000    20.000000   \n",
            "max       1.000000    70.000000     4.000000       1.000000    70.000000   \n",
            "\n",
            "            BPMeds  prevalentStroke  prevalentHyp     diabetes      totChol  \\\n",
            "count  3656.000000      3656.000000   3656.000000  3656.000000  3656.000000   \n",
            "mean      0.030361         0.005744      0.311543     0.027079   236.873085   \n",
            "std       0.171602         0.075581      0.463187     0.162335    44.096223   \n",
            "min       0.000000         0.000000      0.000000     0.000000   113.000000   \n",
            "25%       0.000000         0.000000      0.000000     0.000000   206.000000   \n",
            "50%       0.000000         0.000000      0.000000     0.000000   234.000000   \n",
            "75%       0.000000         0.000000      1.000000     0.000000   263.250000   \n",
            "max       1.000000         1.000000      1.000000     1.000000   600.000000   \n",
            "\n",
            "             sysBP        diaBP          BMI    heartRate      glucose  \\\n",
            "count  3656.000000  3656.000000  3656.000000  3656.000000  3656.000000   \n",
            "mean    132.368025    82.912062    25.784185    75.730580    81.856127   \n",
            "std      22.092444    11.974825     4.065913    11.982952    23.910128   \n",
            "min      83.500000    48.000000    15.540000    44.000000    40.000000   \n",
            "25%     117.000000    75.000000    23.080000    68.000000    71.000000   \n",
            "50%     128.000000    82.000000    25.380000    75.000000    78.000000   \n",
            "75%     144.000000    90.000000    28.040000    82.000000    87.000000   \n",
            "max     295.000000   142.500000    56.800000   143.000000   394.000000   \n",
            "\n",
            "        TenYearCHD  \n",
            "count  3656.000000  \n",
            "mean      0.152352  \n",
            "std       0.359411  \n",
            "min       0.000000  \n",
            "25%       0.000000  \n",
            "50%       0.000000  \n",
            "75%       0.000000  \n",
            "max       1.000000  \n"
          ]
        }
      ]
    },
    {
      "cell_type": "code",
      "source": [
        "# Question at hand = how do these columns correlate with each other\n",
        "df.corr()"
      ],
      "metadata": {
        "colab": {
          "base_uri": "https://localhost:8080/",
          "height": 571
        },
        "collapsed": true,
        "id": "3vqH0502Yjmn",
        "outputId": "7c09097c-8f33-4fdc-b8e3-85a07fcd6326"
      },
      "execution_count": 6,
      "outputs": [
        {
          "output_type": "execute_result",
          "data": {
            "text/plain": [
              "                     male       age  education  currentSmoker  cigsPerDay  \\\n",
              "male             1.000000 -0.024387   0.017677       0.206778    0.331243   \n",
              "age             -0.024387  1.000000  -0.158961      -0.210862   -0.189099   \n",
              "education        0.017677 -0.158961   1.000000       0.025253    0.013527   \n",
              "currentSmoker    0.206778 -0.210862   0.025253       1.000000    0.773819   \n",
              "cigsPerDay       0.331243 -0.189099   0.013527       0.773819    1.000000   \n",
              "BPMeds          -0.052128  0.134670  -0.013647      -0.051936   -0.046479   \n",
              "prevalentStroke -0.002308  0.050864  -0.030353      -0.038159   -0.036283   \n",
              "prevalentHyp     0.000806  0.306693  -0.079100      -0.107561   -0.069890   \n",
              "diabetes         0.013833  0.109027  -0.039547      -0.041859   -0.036934   \n",
              "totChol         -0.070229  0.267764  -0.012956      -0.051119   -0.030222   \n",
              "sysBP           -0.045484  0.388551  -0.124511      -0.134371   -0.094764   \n",
              "diaBP            0.051575  0.208880  -0.058502      -0.115748   -0.056650   \n",
              "BMI              0.072867  0.137172  -0.137280      -0.159574   -0.086888   \n",
              "heartRate       -0.114923 -0.002685  -0.064254       0.050452    0.063549   \n",
              "glucose          0.003048  0.118245  -0.031874      -0.053346   -0.053803   \n",
              "TenYearCHD       0.091745  0.233810  -0.063068       0.019176    0.052159   \n",
              "\n",
              "                   BPMeds  prevalentStroke  prevalentHyp  diabetes   totChol  \\\n",
              "male            -0.052128        -0.002308      0.000806  0.013833 -0.070229   \n",
              "age              0.134670         0.050864      0.306693  0.109027  0.267764   \n",
              "education       -0.013647        -0.030353     -0.079100 -0.039547 -0.012956   \n",
              "currentSmoker   -0.051936        -0.038159     -0.107561 -0.041859 -0.051119   \n",
              "cigsPerDay      -0.046479        -0.036283     -0.069890 -0.036934 -0.030222   \n",
              "BPMeds           1.000000         0.113119      0.263047  0.049051  0.094011   \n",
              "prevalentStroke  0.113119         1.000000      0.066098  0.009619  0.012697   \n",
              "prevalentHyp     0.263047         0.066098      1.000000  0.080623  0.167074   \n",
              "diabetes         0.049051         0.009619      0.080623  1.000000  0.048371   \n",
              "totChol          0.094011         0.012697      0.167074  0.048371  1.000000   \n",
              "sysBP            0.271291         0.061080      0.697790  0.102574  0.220130   \n",
              "diaBP            0.199750         0.055878      0.617634  0.050767  0.174986   \n",
              "BMI              0.105603         0.036478      0.302917  0.088970  0.120799   \n",
              "heartRate        0.012894        -0.017020      0.147333  0.060996  0.093057   \n",
              "glucose          0.054210         0.016051      0.087129  0.614817  0.049749   \n",
              "TenYearCHD       0.089116         0.048351      0.181556  0.093397  0.091127   \n",
              "\n",
              "                    sysBP     diaBP       BMI  heartRate   glucose  TenYearCHD  \n",
              "male            -0.045484  0.051575  0.072867  -0.114923  0.003048    0.091745  \n",
              "age              0.388551  0.208880  0.137172  -0.002685  0.118245    0.233810  \n",
              "education       -0.124511 -0.058502 -0.137280  -0.064254 -0.031874   -0.063068  \n",
              "currentSmoker   -0.134371 -0.115748 -0.159574   0.050452 -0.053346    0.019176  \n",
              "cigsPerDay      -0.094764 -0.056650 -0.086888   0.063549 -0.053803    0.052159  \n",
              "BPMeds           0.271291  0.199750  0.105603   0.012894  0.054210    0.089116  \n",
              "prevalentStroke  0.061080  0.055878  0.036478  -0.017020  0.016051    0.048351  \n",
              "prevalentHyp     0.697790  0.617634  0.302917   0.147333  0.087129    0.181556  \n",
              "diabetes         0.102574  0.050767  0.088970   0.060996  0.614817    0.093397  \n",
              "totChol          0.220130  0.174986  0.120799   0.093057  0.049749    0.091127  \n",
              "sysBP            1.000000  0.786727  0.331004   0.184901  0.134702    0.222885  \n",
              "diaBP            0.786727  1.000000  0.385611   0.179008  0.063704    0.150342  \n",
              "BMI              0.331004  0.385611  1.000000   0.074401  0.083671    0.081931  \n",
              "heartRate        0.184901  0.179008  0.074401   1.000000  0.097026    0.020523  \n",
              "glucose          0.134702  0.063704  0.083671   0.097026  1.000000    0.121942  \n",
              "TenYearCHD       0.222885  0.150342  0.081931   0.020523  0.121942    1.000000  "
            ],
            "text/html": [
              "\n",
              "  <div id=\"df-bfb24b1c-8063-493b-b01e-3924e02943c5\" class=\"colab-df-container\">\n",
              "    <div>\n",
              "<style scoped>\n",
              "    .dataframe tbody tr th:only-of-type {\n",
              "        vertical-align: middle;\n",
              "    }\n",
              "\n",
              "    .dataframe tbody tr th {\n",
              "        vertical-align: top;\n",
              "    }\n",
              "\n",
              "    .dataframe thead th {\n",
              "        text-align: right;\n",
              "    }\n",
              "</style>\n",
              "<table border=\"1\" class=\"dataframe\">\n",
              "  <thead>\n",
              "    <tr style=\"text-align: right;\">\n",
              "      <th></th>\n",
              "      <th>male</th>\n",
              "      <th>age</th>\n",
              "      <th>education</th>\n",
              "      <th>currentSmoker</th>\n",
              "      <th>cigsPerDay</th>\n",
              "      <th>BPMeds</th>\n",
              "      <th>prevalentStroke</th>\n",
              "      <th>prevalentHyp</th>\n",
              "      <th>diabetes</th>\n",
              "      <th>totChol</th>\n",
              "      <th>sysBP</th>\n",
              "      <th>diaBP</th>\n",
              "      <th>BMI</th>\n",
              "      <th>heartRate</th>\n",
              "      <th>glucose</th>\n",
              "      <th>TenYearCHD</th>\n",
              "    </tr>\n",
              "  </thead>\n",
              "  <tbody>\n",
              "    <tr>\n",
              "      <th>male</th>\n",
              "      <td>1.000000</td>\n",
              "      <td>-0.024387</td>\n",
              "      <td>0.017677</td>\n",
              "      <td>0.206778</td>\n",
              "      <td>0.331243</td>\n",
              "      <td>-0.052128</td>\n",
              "      <td>-0.002308</td>\n",
              "      <td>0.000806</td>\n",
              "      <td>0.013833</td>\n",
              "      <td>-0.070229</td>\n",
              "      <td>-0.045484</td>\n",
              "      <td>0.051575</td>\n",
              "      <td>0.072867</td>\n",
              "      <td>-0.114923</td>\n",
              "      <td>0.003048</td>\n",
              "      <td>0.091745</td>\n",
              "    </tr>\n",
              "    <tr>\n",
              "      <th>age</th>\n",
              "      <td>-0.024387</td>\n",
              "      <td>1.000000</td>\n",
              "      <td>-0.158961</td>\n",
              "      <td>-0.210862</td>\n",
              "      <td>-0.189099</td>\n",
              "      <td>0.134670</td>\n",
              "      <td>0.050864</td>\n",
              "      <td>0.306693</td>\n",
              "      <td>0.109027</td>\n",
              "      <td>0.267764</td>\n",
              "      <td>0.388551</td>\n",
              "      <td>0.208880</td>\n",
              "      <td>0.137172</td>\n",
              "      <td>-0.002685</td>\n",
              "      <td>0.118245</td>\n",
              "      <td>0.233810</td>\n",
              "    </tr>\n",
              "    <tr>\n",
              "      <th>education</th>\n",
              "      <td>0.017677</td>\n",
              "      <td>-0.158961</td>\n",
              "      <td>1.000000</td>\n",
              "      <td>0.025253</td>\n",
              "      <td>0.013527</td>\n",
              "      <td>-0.013647</td>\n",
              "      <td>-0.030353</td>\n",
              "      <td>-0.079100</td>\n",
              "      <td>-0.039547</td>\n",
              "      <td>-0.012956</td>\n",
              "      <td>-0.124511</td>\n",
              "      <td>-0.058502</td>\n",
              "      <td>-0.137280</td>\n",
              "      <td>-0.064254</td>\n",
              "      <td>-0.031874</td>\n",
              "      <td>-0.063068</td>\n",
              "    </tr>\n",
              "    <tr>\n",
              "      <th>currentSmoker</th>\n",
              "      <td>0.206778</td>\n",
              "      <td>-0.210862</td>\n",
              "      <td>0.025253</td>\n",
              "      <td>1.000000</td>\n",
              "      <td>0.773819</td>\n",
              "      <td>-0.051936</td>\n",
              "      <td>-0.038159</td>\n",
              "      <td>-0.107561</td>\n",
              "      <td>-0.041859</td>\n",
              "      <td>-0.051119</td>\n",
              "      <td>-0.134371</td>\n",
              "      <td>-0.115748</td>\n",
              "      <td>-0.159574</td>\n",
              "      <td>0.050452</td>\n",
              "      <td>-0.053346</td>\n",
              "      <td>0.019176</td>\n",
              "    </tr>\n",
              "    <tr>\n",
              "      <th>cigsPerDay</th>\n",
              "      <td>0.331243</td>\n",
              "      <td>-0.189099</td>\n",
              "      <td>0.013527</td>\n",
              "      <td>0.773819</td>\n",
              "      <td>1.000000</td>\n",
              "      <td>-0.046479</td>\n",
              "      <td>-0.036283</td>\n",
              "      <td>-0.069890</td>\n",
              "      <td>-0.036934</td>\n",
              "      <td>-0.030222</td>\n",
              "      <td>-0.094764</td>\n",
              "      <td>-0.056650</td>\n",
              "      <td>-0.086888</td>\n",
              "      <td>0.063549</td>\n",
              "      <td>-0.053803</td>\n",
              "      <td>0.052159</td>\n",
              "    </tr>\n",
              "    <tr>\n",
              "      <th>BPMeds</th>\n",
              "      <td>-0.052128</td>\n",
              "      <td>0.134670</td>\n",
              "      <td>-0.013647</td>\n",
              "      <td>-0.051936</td>\n",
              "      <td>-0.046479</td>\n",
              "      <td>1.000000</td>\n",
              "      <td>0.113119</td>\n",
              "      <td>0.263047</td>\n",
              "      <td>0.049051</td>\n",
              "      <td>0.094011</td>\n",
              "      <td>0.271291</td>\n",
              "      <td>0.199750</td>\n",
              "      <td>0.105603</td>\n",
              "      <td>0.012894</td>\n",
              "      <td>0.054210</td>\n",
              "      <td>0.089116</td>\n",
              "    </tr>\n",
              "    <tr>\n",
              "      <th>prevalentStroke</th>\n",
              "      <td>-0.002308</td>\n",
              "      <td>0.050864</td>\n",
              "      <td>-0.030353</td>\n",
              "      <td>-0.038159</td>\n",
              "      <td>-0.036283</td>\n",
              "      <td>0.113119</td>\n",
              "      <td>1.000000</td>\n",
              "      <td>0.066098</td>\n",
              "      <td>0.009619</td>\n",
              "      <td>0.012697</td>\n",
              "      <td>0.061080</td>\n",
              "      <td>0.055878</td>\n",
              "      <td>0.036478</td>\n",
              "      <td>-0.017020</td>\n",
              "      <td>0.016051</td>\n",
              "      <td>0.048351</td>\n",
              "    </tr>\n",
              "    <tr>\n",
              "      <th>prevalentHyp</th>\n",
              "      <td>0.000806</td>\n",
              "      <td>0.306693</td>\n",
              "      <td>-0.079100</td>\n",
              "      <td>-0.107561</td>\n",
              "      <td>-0.069890</td>\n",
              "      <td>0.263047</td>\n",
              "      <td>0.066098</td>\n",
              "      <td>1.000000</td>\n",
              "      <td>0.080623</td>\n",
              "      <td>0.167074</td>\n",
              "      <td>0.697790</td>\n",
              "      <td>0.617634</td>\n",
              "      <td>0.302917</td>\n",
              "      <td>0.147333</td>\n",
              "      <td>0.087129</td>\n",
              "      <td>0.181556</td>\n",
              "    </tr>\n",
              "    <tr>\n",
              "      <th>diabetes</th>\n",
              "      <td>0.013833</td>\n",
              "      <td>0.109027</td>\n",
              "      <td>-0.039547</td>\n",
              "      <td>-0.041859</td>\n",
              "      <td>-0.036934</td>\n",
              "      <td>0.049051</td>\n",
              "      <td>0.009619</td>\n",
              "      <td>0.080623</td>\n",
              "      <td>1.000000</td>\n",
              "      <td>0.048371</td>\n",
              "      <td>0.102574</td>\n",
              "      <td>0.050767</td>\n",
              "      <td>0.088970</td>\n",
              "      <td>0.060996</td>\n",
              "      <td>0.614817</td>\n",
              "      <td>0.093397</td>\n",
              "    </tr>\n",
              "    <tr>\n",
              "      <th>totChol</th>\n",
              "      <td>-0.070229</td>\n",
              "      <td>0.267764</td>\n",
              "      <td>-0.012956</td>\n",
              "      <td>-0.051119</td>\n",
              "      <td>-0.030222</td>\n",
              "      <td>0.094011</td>\n",
              "      <td>0.012697</td>\n",
              "      <td>0.167074</td>\n",
              "      <td>0.048371</td>\n",
              "      <td>1.000000</td>\n",
              "      <td>0.220130</td>\n",
              "      <td>0.174986</td>\n",
              "      <td>0.120799</td>\n",
              "      <td>0.093057</td>\n",
              "      <td>0.049749</td>\n",
              "      <td>0.091127</td>\n",
              "    </tr>\n",
              "    <tr>\n",
              "      <th>sysBP</th>\n",
              "      <td>-0.045484</td>\n",
              "      <td>0.388551</td>\n",
              "      <td>-0.124511</td>\n",
              "      <td>-0.134371</td>\n",
              "      <td>-0.094764</td>\n",
              "      <td>0.271291</td>\n",
              "      <td>0.061080</td>\n",
              "      <td>0.697790</td>\n",
              "      <td>0.102574</td>\n",
              "      <td>0.220130</td>\n",
              "      <td>1.000000</td>\n",
              "      <td>0.786727</td>\n",
              "      <td>0.331004</td>\n",
              "      <td>0.184901</td>\n",
              "      <td>0.134702</td>\n",
              "      <td>0.222885</td>\n",
              "    </tr>\n",
              "    <tr>\n",
              "      <th>diaBP</th>\n",
              "      <td>0.051575</td>\n",
              "      <td>0.208880</td>\n",
              "      <td>-0.058502</td>\n",
              "      <td>-0.115748</td>\n",
              "      <td>-0.056650</td>\n",
              "      <td>0.199750</td>\n",
              "      <td>0.055878</td>\n",
              "      <td>0.617634</td>\n",
              "      <td>0.050767</td>\n",
              "      <td>0.174986</td>\n",
              "      <td>0.786727</td>\n",
              "      <td>1.000000</td>\n",
              "      <td>0.385611</td>\n",
              "      <td>0.179008</td>\n",
              "      <td>0.063704</td>\n",
              "      <td>0.150342</td>\n",
              "    </tr>\n",
              "    <tr>\n",
              "      <th>BMI</th>\n",
              "      <td>0.072867</td>\n",
              "      <td>0.137172</td>\n",
              "      <td>-0.137280</td>\n",
              "      <td>-0.159574</td>\n",
              "      <td>-0.086888</td>\n",
              "      <td>0.105603</td>\n",
              "      <td>0.036478</td>\n",
              "      <td>0.302917</td>\n",
              "      <td>0.088970</td>\n",
              "      <td>0.120799</td>\n",
              "      <td>0.331004</td>\n",
              "      <td>0.385611</td>\n",
              "      <td>1.000000</td>\n",
              "      <td>0.074401</td>\n",
              "      <td>0.083671</td>\n",
              "      <td>0.081931</td>\n",
              "    </tr>\n",
              "    <tr>\n",
              "      <th>heartRate</th>\n",
              "      <td>-0.114923</td>\n",
              "      <td>-0.002685</td>\n",
              "      <td>-0.064254</td>\n",
              "      <td>0.050452</td>\n",
              "      <td>0.063549</td>\n",
              "      <td>0.012894</td>\n",
              "      <td>-0.017020</td>\n",
              "      <td>0.147333</td>\n",
              "      <td>0.060996</td>\n",
              "      <td>0.093057</td>\n",
              "      <td>0.184901</td>\n",
              "      <td>0.179008</td>\n",
              "      <td>0.074401</td>\n",
              "      <td>1.000000</td>\n",
              "      <td>0.097026</td>\n",
              "      <td>0.020523</td>\n",
              "    </tr>\n",
              "    <tr>\n",
              "      <th>glucose</th>\n",
              "      <td>0.003048</td>\n",
              "      <td>0.118245</td>\n",
              "      <td>-0.031874</td>\n",
              "      <td>-0.053346</td>\n",
              "      <td>-0.053803</td>\n",
              "      <td>0.054210</td>\n",
              "      <td>0.016051</td>\n",
              "      <td>0.087129</td>\n",
              "      <td>0.614817</td>\n",
              "      <td>0.049749</td>\n",
              "      <td>0.134702</td>\n",
              "      <td>0.063704</td>\n",
              "      <td>0.083671</td>\n",
              "      <td>0.097026</td>\n",
              "      <td>1.000000</td>\n",
              "      <td>0.121942</td>\n",
              "    </tr>\n",
              "    <tr>\n",
              "      <th>TenYearCHD</th>\n",
              "      <td>0.091745</td>\n",
              "      <td>0.233810</td>\n",
              "      <td>-0.063068</td>\n",
              "      <td>0.019176</td>\n",
              "      <td>0.052159</td>\n",
              "      <td>0.089116</td>\n",
              "      <td>0.048351</td>\n",
              "      <td>0.181556</td>\n",
              "      <td>0.093397</td>\n",
              "      <td>0.091127</td>\n",
              "      <td>0.222885</td>\n",
              "      <td>0.150342</td>\n",
              "      <td>0.081931</td>\n",
              "      <td>0.020523</td>\n",
              "      <td>0.121942</td>\n",
              "      <td>1.000000</td>\n",
              "    </tr>\n",
              "  </tbody>\n",
              "</table>\n",
              "</div>\n",
              "    <div class=\"colab-df-buttons\">\n",
              "\n",
              "  <div class=\"colab-df-container\">\n",
              "    <button class=\"colab-df-convert\" onclick=\"convertToInteractive('df-bfb24b1c-8063-493b-b01e-3924e02943c5')\"\n",
              "            title=\"Convert this dataframe to an interactive table.\"\n",
              "            style=\"display:none;\">\n",
              "\n",
              "  <svg xmlns=\"http://www.w3.org/2000/svg\" height=\"24px\" viewBox=\"0 -960 960 960\">\n",
              "    <path d=\"M120-120v-720h720v720H120Zm60-500h600v-160H180v160Zm220 220h160v-160H400v160Zm0 220h160v-160H400v160ZM180-400h160v-160H180v160Zm440 0h160v-160H620v160ZM180-180h160v-160H180v160Zm440 0h160v-160H620v160Z\"/>\n",
              "  </svg>\n",
              "    </button>\n",
              "\n",
              "  <style>\n",
              "    .colab-df-container {\n",
              "      display:flex;\n",
              "      gap: 12px;\n",
              "    }\n",
              "\n",
              "    .colab-df-convert {\n",
              "      background-color: #E8F0FE;\n",
              "      border: none;\n",
              "      border-radius: 50%;\n",
              "      cursor: pointer;\n",
              "      display: none;\n",
              "      fill: #1967D2;\n",
              "      height: 32px;\n",
              "      padding: 0 0 0 0;\n",
              "      width: 32px;\n",
              "    }\n",
              "\n",
              "    .colab-df-convert:hover {\n",
              "      background-color: #E2EBFA;\n",
              "      box-shadow: 0px 1px 2px rgba(60, 64, 67, 0.3), 0px 1px 3px 1px rgba(60, 64, 67, 0.15);\n",
              "      fill: #174EA6;\n",
              "    }\n",
              "\n",
              "    .colab-df-buttons div {\n",
              "      margin-bottom: 4px;\n",
              "    }\n",
              "\n",
              "    [theme=dark] .colab-df-convert {\n",
              "      background-color: #3B4455;\n",
              "      fill: #D2E3FC;\n",
              "    }\n",
              "\n",
              "    [theme=dark] .colab-df-convert:hover {\n",
              "      background-color: #434B5C;\n",
              "      box-shadow: 0px 1px 3px 1px rgba(0, 0, 0, 0.15);\n",
              "      filter: drop-shadow(0px 1px 2px rgba(0, 0, 0, 0.3));\n",
              "      fill: #FFFFFF;\n",
              "    }\n",
              "  </style>\n",
              "\n",
              "    <script>\n",
              "      const buttonEl =\n",
              "        document.querySelector('#df-bfb24b1c-8063-493b-b01e-3924e02943c5 button.colab-df-convert');\n",
              "      buttonEl.style.display =\n",
              "        google.colab.kernel.accessAllowed ? 'block' : 'none';\n",
              "\n",
              "      async function convertToInteractive(key) {\n",
              "        const element = document.querySelector('#df-bfb24b1c-8063-493b-b01e-3924e02943c5');\n",
              "        const dataTable =\n",
              "          await google.colab.kernel.invokeFunction('convertToInteractive',\n",
              "                                                    [key], {});\n",
              "        if (!dataTable) return;\n",
              "\n",
              "        const docLinkHtml = 'Like what you see? Visit the ' +\n",
              "          '<a target=\"_blank\" href=https://colab.research.google.com/notebooks/data_table.ipynb>data table notebook</a>'\n",
              "          + ' to learn more about interactive tables.';\n",
              "        element.innerHTML = '';\n",
              "        dataTable['output_type'] = 'display_data';\n",
              "        await google.colab.output.renderOutput(dataTable, element);\n",
              "        const docLink = document.createElement('div');\n",
              "        docLink.innerHTML = docLinkHtml;\n",
              "        element.appendChild(docLink);\n",
              "      }\n",
              "    </script>\n",
              "  </div>\n",
              "\n",
              "\n",
              "<div id=\"df-52f7ddaf-8131-4723-b9a1-271d65c81229\">\n",
              "  <button class=\"colab-df-quickchart\" onclick=\"quickchart('df-52f7ddaf-8131-4723-b9a1-271d65c81229')\"\n",
              "            title=\"Suggest charts\"\n",
              "            style=\"display:none;\">\n",
              "\n",
              "<svg xmlns=\"http://www.w3.org/2000/svg\" height=\"24px\"viewBox=\"0 0 24 24\"\n",
              "     width=\"24px\">\n",
              "    <g>\n",
              "        <path d=\"M19 3H5c-1.1 0-2 .9-2 2v14c0 1.1.9 2 2 2h14c1.1 0 2-.9 2-2V5c0-1.1-.9-2-2-2zM9 17H7v-7h2v7zm4 0h-2V7h2v10zm4 0h-2v-4h2v4z\"/>\n",
              "    </g>\n",
              "</svg>\n",
              "  </button>\n",
              "\n",
              "<style>\n",
              "  .colab-df-quickchart {\n",
              "      --bg-color: #E8F0FE;\n",
              "      --fill-color: #1967D2;\n",
              "      --hover-bg-color: #E2EBFA;\n",
              "      --hover-fill-color: #174EA6;\n",
              "      --disabled-fill-color: #AAA;\n",
              "      --disabled-bg-color: #DDD;\n",
              "  }\n",
              "\n",
              "  [theme=dark] .colab-df-quickchart {\n",
              "      --bg-color: #3B4455;\n",
              "      --fill-color: #D2E3FC;\n",
              "      --hover-bg-color: #434B5C;\n",
              "      --hover-fill-color: #FFFFFF;\n",
              "      --disabled-bg-color: #3B4455;\n",
              "      --disabled-fill-color: #666;\n",
              "  }\n",
              "\n",
              "  .colab-df-quickchart {\n",
              "    background-color: var(--bg-color);\n",
              "    border: none;\n",
              "    border-radius: 50%;\n",
              "    cursor: pointer;\n",
              "    display: none;\n",
              "    fill: var(--fill-color);\n",
              "    height: 32px;\n",
              "    padding: 0;\n",
              "    width: 32px;\n",
              "  }\n",
              "\n",
              "  .colab-df-quickchart:hover {\n",
              "    background-color: var(--hover-bg-color);\n",
              "    box-shadow: 0 1px 2px rgba(60, 64, 67, 0.3), 0 1px 3px 1px rgba(60, 64, 67, 0.15);\n",
              "    fill: var(--button-hover-fill-color);\n",
              "  }\n",
              "\n",
              "  .colab-df-quickchart-complete:disabled,\n",
              "  .colab-df-quickchart-complete:disabled:hover {\n",
              "    background-color: var(--disabled-bg-color);\n",
              "    fill: var(--disabled-fill-color);\n",
              "    box-shadow: none;\n",
              "  }\n",
              "\n",
              "  .colab-df-spinner {\n",
              "    border: 2px solid var(--fill-color);\n",
              "    border-color: transparent;\n",
              "    border-bottom-color: var(--fill-color);\n",
              "    animation:\n",
              "      spin 1s steps(1) infinite;\n",
              "  }\n",
              "\n",
              "  @keyframes spin {\n",
              "    0% {\n",
              "      border-color: transparent;\n",
              "      border-bottom-color: var(--fill-color);\n",
              "      border-left-color: var(--fill-color);\n",
              "    }\n",
              "    20% {\n",
              "      border-color: transparent;\n",
              "      border-left-color: var(--fill-color);\n",
              "      border-top-color: var(--fill-color);\n",
              "    }\n",
              "    30% {\n",
              "      border-color: transparent;\n",
              "      border-left-color: var(--fill-color);\n",
              "      border-top-color: var(--fill-color);\n",
              "      border-right-color: var(--fill-color);\n",
              "    }\n",
              "    40% {\n",
              "      border-color: transparent;\n",
              "      border-right-color: var(--fill-color);\n",
              "      border-top-color: var(--fill-color);\n",
              "    }\n",
              "    60% {\n",
              "      border-color: transparent;\n",
              "      border-right-color: var(--fill-color);\n",
              "    }\n",
              "    80% {\n",
              "      border-color: transparent;\n",
              "      border-right-color: var(--fill-color);\n",
